zygo true, 64 runs per level
 conc  wall s  runs/s     p50     p95     p99 cpu ms/run  peak MB failed
    1    0.52   123.0     7.7     9.5    11.3        9.1        5      0
    4    0.28   227.2    16.4    22.4    28.5        8.1        0      0
    8    0.27   241.3    31.8    46.8    50.7        7.8       10      0
   16    0.28   227.8    62.3   107.7   113.4        8.1       15      0
   32    0.28   229.7    97.2   163.4   165.8        8.1       19      0

kern true, 64 runs per level
 conc  wall s  runs/s     p50     p95     p99 cpu ms/run  peak MB failed
    1    0.28   226.4     4.0     5.9     6.3        5.5        0      0
    4    0.21   311.1    12.1    18.1    19.5        5.9       14      0
    8    0.21   308.7    22.6    35.2    39.8        6.1        7      0
   16    0.21   302.1    42.4    73.5    79.7        6.2       18      0
   32    0.22   288.1    69.4   128.2   141.0        6.6        6      0

zygo harness, 64 runs per level
 conc  wall s  runs/s     p50     p95     p99 cpu ms/run  peak MB failed
    1    1.69    37.8    25.9    28.1    28.8       30.0        1      0
    4    1.00    63.7    61.7    80.9    86.1       30.9       23      0
    8    1.06    60.1   123.4   201.8   211.3       31.7       27      0
   16    1.02    62.7   254.6   324.0   355.9       31.7      108      0
   32    1.06    60.6   430.5   681.4   702.5       32.7      198      0

kern harness, 64 runs per level
 conc  wall s  runs/s     p50     p95     p99 cpu ms/run  peak MB failed
    1    3.83    16.7    59.6    61.0    61.4       70.9        9      0
    4    2.24    28.5   142.1   174.0   184.3       69.8       40      0
    8    2.34    27.4   296.8   382.0   385.8       72.8       60      0
   16    2.39    26.7   597.2   768.7   780.3       74.5      151      0
   32    2.41    26.5  1100.2  1504.9  1540.2       75.3      320      0

kern-pyc harness, 64 runs per level
 conc  wall s  runs/s     p50     p95     p99 cpu ms/run  peak MB failed
    1    1.53    41.9    23.4    25.4    25.9       28.6       13      0
    4    0.93    68.5    55.8    71.8    74.4       28.9       24      0
    8    0.98    65.6   118.1   164.4   185.2       30.2       55      0
   16    0.97    65.7   241.8   326.8   335.5       30.3       96      0
   32    0.99    64.5   438.3   634.5   685.7       30.5      124      0

