zygo true, 64 runs per level
 conc  wall s  runs/s     p50     p95     p99 cpu ms/run  peak MB failed
    1    0.47   135.3     6.9     8.2     8.7        8.4        0      0
    4    0.28   231.2    16.2    21.5    22.8        8.0        6      0
    8    0.27   240.5    32.0    44.5    47.9        8.0        1      0
   16    0.27   235.0    63.6   100.7   116.2        8.3       10      0
   32    0.29   222.0   109.6   188.3   199.3        8.4       17      0

kern true, 64 runs per level
 conc  wall s  runs/s     p50     p95     p99 cpu ms/run  peak MB failed
    1    0.31   204.4     4.5     6.5     6.8        6.2        5      0
    4    0.22   290.0    13.1    17.7    18.2        6.7        7      0
    8    0.22   292.4    24.8    37.3    46.5        6.4       15      0
   16    0.22   292.1    49.2    76.2    79.3        6.6       10      0
   32    0.24   269.4    97.8   191.4   209.1        7.2       14      0

zygo harness, 64 runs per level
 conc  wall s  runs/s     p50     p95     p99 cpu ms/run  peak MB failed
    1    1.80    35.5    26.9    29.1    34.7       32.0       16      0
    4    0.99    64.7    60.0    75.9    77.2       30.8       14      0
    8    1.03    61.9   121.0   170.8   176.0       32.2       44      0
   16    1.04    61.4   251.9   321.2   342.1       32.3       89      0
   32    1.06    60.2   443.6   750.6   761.1       33.0      155      0

kern harness, 64 runs per level
 conc  wall s  runs/s     p50     p95     p99 cpu ms/run  peak MB failed
    1    4.01    16.0    62.1    64.5    65.3       74.7        6      0
    4    2.36    27.1   146.8   167.2   168.3       73.4       38      0
    8    2.47    25.9   309.2   393.8   410.2       76.7       42      0
   16    2.51    25.5   598.5   719.9   744.3       78.1      204      0
   32    2.51    25.5  1162.4  1497.3  1498.0       78.1      287      0

kern-pyc harness, 64 runs per level
 conc  wall s  runs/s     p50     p95     p99 cpu ms/run  peak MB failed
    1    1.61    39.8    24.9    26.7    27.3       30.6       10      0
    4    0.97    65.9    59.7    73.5    75.7       30.0       12      0
    8    1.00    64.3   125.9   165.7   174.4       30.9       44      0
   16    1.07    59.7   262.4   357.1   367.7       33.4       66      0
   32    1.14    56.2   480.1   701.0   734.6       33.9      159      0

=====
zygo true, 64 runs per level
 conc  wall s  runs/s     p50     p95     p99 cpu ms/run  peak MB failed
    1    0.59   108.1     8.9     9.7    10.3       10.6        7      0
    4    0.29   218.1    17.3    24.0    25.1        8.4        4      0
    8    0.28   228.6    32.7    43.4    45.1        8.4       22      0
   16    0.28   231.8    58.4    91.1    96.1        8.1        4      0
   32    0.29   224.1   103.4   198.0   211.6        8.4        5      0

kern true, 64 runs per level
 conc  wall s  runs/s     p50     p95     p99 cpu ms/run  peak MB failed
    1    0.35   184.8     4.9     6.4     6.7        6.9        6      0
    4    0.22   293.4    12.6    18.1    19.3        6.4        9      0
    8    0.22   287.6    24.5    38.1    44.5        6.7        6      0
   16    0.23   279.5    44.7    81.2    87.7        6.7        8      0
   32    0.24   271.8    63.8   126.5   130.9        7.2        8      0

zygo harness, 64 runs per level
 conc  wall s  runs/s     p50     p95     p99 cpu ms/run  peak MB failed
    1    1.94    33.1    29.8    31.6    31.8       35.6        5      0
    4    1.01    63.6    60.8    75.9    84.2       31.1       20      0
    8    1.05    61.1   125.7   183.8   186.8       32.5       44      0
   16    1.05    60.7   247.8   352.4   370.0       32.8      111      0
   32    1.06    60.4   473.6   627.9   688.7       33.0      175      0

kern harness, 64 runs per level
 conc  wall s  runs/s     p50     p95     p99 cpu ms/run  peak MB failed
    1    4.14    15.5    64.2    67.1    67.5       79.1       16      0
    4    2.35    27.3   148.3   195.1   196.7       73.0       41      0
    8    2.44    26.3   326.0   387.5   393.3       75.8      116      0
   16    2.52    25.4   641.4   811.6   822.4       78.6       88      0
   32    2.51    25.5  1191.7  1532.2  1537.6       78.4      308      0

kern-pyc harness, 64 runs per level
 conc  wall s  runs/s     p50     p95     p99 cpu ms/run  peak MB failed
    1    1.66    38.6    25.5    27.2    27.4       31.4        3      0
    4    0.97    66.1    60.7    78.0    82.3       29.8       14      0
    8    1.02    62.9   125.0   158.2   159.1       31.6       47      0
   16    1.02    62.6   251.7   348.2   350.2       31.7       75      0
   32    1.04    61.3   465.4   840.7   876.4       32.5      178      0

