0
zygo true, 64 runs per level
 conc  wall s  runs/s     p50     p95     p99 cpu ms/run  peak MB failed
    1    0.52   121.9     7.0    10.4    17.3        9.4        7      0
    4    0.25   252.3    15.1    19.7    21.7        7.5        7      0
    8    0.26   248.0    28.4    48.3    49.4        7.8       15      0
   16    0.28   232.4    57.2    91.2    92.8        7.8       18      0
   32    0.29   222.3   110.9   211.7   219.0        8.1       32      0

kern true, 64 runs per level
 conc  wall s  runs/s     p50     p95     p99 cpu ms/run  peak MB failed
    1    0.29   222.3     4.2     5.6     5.7        5.8        5      0
    4    0.20   313.5    11.3    18.7    19.2        6.1        7      0
    8    0.21   303.8    22.7    37.1    41.0        6.3       18      0
   16    0.22   296.2    45.4    84.1   100.3        6.4        7      0
   32    0.22   286.6    75.3   160.7   172.8        6.6       20      0

zygo harness, 64 runs per level
 conc  wall s  runs/s     p50     p95     p99 cpu ms/run  peak MB failed
    1    1.68    38.1    25.9    27.4    27.9       30.6        1      0
    4    0.96    66.8    56.9    77.0    81.7       29.5       20      0
    8    1.01    63.1   126.5   172.9   179.0       31.4       44      0
   16    1.02    62.5   265.8   355.0   360.7       31.4       84      0
   32    1.03    61.9   439.9   699.4   723.8       32.2      183      0

kern harness, 64 runs per level
 conc  wall s  runs/s     p50     p95     p99 cpu ms/run  peak MB failed
    1    3.82    16.8    59.1    61.5    61.9       70.6        7      0
    4    2.27    28.2   143.5   173.6   192.0       70.5       27      0
    8    2.33    27.5   292.4   383.7   391.8       72.8       72      0
   16    2.37    27.0   568.8   758.4   786.8       73.9      168      0
   32    2.39    26.8  1085.3  1446.3  1501.4       74.7      270      0

kern-pyc harness, 64 runs per level
 conc  wall s  runs/s     p50     p95     p99 cpu ms/run  peak MB failed
    1    1.54    41.6    23.7    25.4    25.6       28.4        6      0
    4    0.94    68.1    57.4    74.1    80.7       29.2       30      0
    8    0.97    66.2   121.0   145.7   149.0       29.8       18      0
   16    0.97    65.9   237.5   341.8   347.4       30.5       76      0
   32    1.01    63.2   433.1   690.3   702.8       31.2      192      0

